0.000000 21.459642 909.777283
0.000000 40.439945 971.321716
0.000000 61.572720 958.565002
0.000000 247.559341 321.336914
0.000000 266.757904 372.337372
0.000000 287.491760 413.968872
0.000000 302.322601 434.277405
0.000000 407.255768 322.839447
0.000000 464.899506 352.183472
0.000000 455.770599 374.847443
0.000000 555.216492 307.384705
0.000000 521.246277 324.466949
0.000000 542.507507 433.346466
0.000000 651.787354 361.528107
0.000000 705.781189 377.895630
0.000000 792.203735 328.736420
0.000000 793.183472 342.677399
0.000000 791.840881 352.703796
0.000000 883.089722 317.501862
0.000000 824.680298 378.502563
0.000000 973.660583 339.640350
0.000000 1006.481262 349.661774
0.000000 981.673828 361.024994
0.000000 1129.263062 367.451324
0.000000 1079.664185 344.129333
0.000000 204.708282 96.682236
0.000000 408.344543 95.818665
0.000000 610.949646 96.807579
0.000000 814.688171 96.721519
0.000000 1017.705383 96.761101
0.000000 1221.923950 96.683563
0.000238 1407.200562 93.275116
0.000208 1473.807373 82.341110
0.001111 1593.169800 82.986191
0.000500 1724.306396 81.547668
0.000152 1831.372559 83.735237
0.000694 1947.905762 86.360802
0.000385 2137.648926 85.283363
0.000595 2225.349121 88.141548
0.001556 2240.460693 76.265724
0.000417 2488.250977 79.005196
0.005686 2038.060913 80.396233
0.007315 2034.065308 78.542152
0.008684 1978.036255 81.928093
0.007417 2248.575928 82.855545
0.010714 1947.958252 84.223351
0.011818 1961.836792 84.875343
0.012899 2131.708740 75.789383
0.014097 2416.270508 78.669044
0.013000 2100.965576 82.844337
0.000000 999.425598 19.836601
0.000000 1991.087402 19.836519
0.000000 2981.231201 19.845186
0.000000 3973.363037 19.807606
0.000000 4962.059082 19.849291
0.000000 5954.101074 19.845652
0.000714 6937.960938 19.570904
0.010000 6319.137207 19.770473
0.020000 5815.137207 19.887468
0.021667 5848.864258 20.288797
0.043939 6184.526855 20.570734
0.028889 5958.267090 19.663353
0.062051 6781.821777 21.066036
0.035714 6777.748535 20.171087
0.042222 6664.329102 20.637106
0.078958 6744.716797 21.199446
0.089314 6830.578125 21.048370
0.084815 6872.730957 20.684322
0.063596 6629.642090 20.893908
0.081250 7106.749512 20.743214
0.102698 7410.291992 20.880920
0.074621 6719.257324 21.256655
0.060435 6819.573730 20.243216
0.082917 7209.785156 21.333014
0.108400 6891.314941 21.972878
0.000000 573.958679 31.123655
0.000000 1174.673828 33.153614
0.000000 1751.091675 33.470680
0.000000 2341.076660 33.412731
0.000000 2930.520752 33.451698
0.000000 3645.729980 32.211498
0.000476 4173.612793 26.954493
0.009583 3777.008545 31.230316
0.009815 3670.202393 32.297768
0.010500 3647.021973 33.138638
0.012576 3705.740723 33.564667
0.014444 3817.451172 33.657913
0.016923 4120.945312 33.730930
0.017143 4347.729492 33.057480
0.021889 4270.862793 33.188866
0.023542 4194.162598 33.206856
0.034510 3841.817871 34.045719
0.028426 4115.772949 33.711185
0.030702 4340.226562 33.653877
0.039750 4581.609375 32.416931
0.036587 4584.752930 32.757351
0.037652 4498.468750 33.615269
0.044058 4505.899414 32.909096
0.069792 4553.442871 32.300068
0.056200 4622.153809 32.744942
