0.000000 19.630335 942.337830
0.000000 41.954834 930.137512
0.000000 213.838715 262.058044
0.000000 246.468689 322.820923
0.000000 267.640442 371.304169
0.000000 286.757446 415.521362
0.000000 305.972778 428.136444
0.000000 395.966370 324.592102
0.000000 438.455780 347.943176
0.000000 372.107025 371.581543
0.000000 463.891083 397.533997
0.000000 609.054443 327.330292
0.000000 616.819275 344.346039
0.000000 558.213745 358.107819
0.000000 426.188965 545.670227
0.000000 609.942993 385.936188
0.000000 660.325806 399.648865
0.000000 721.216003 415.864990
0.000000 743.754211 428.579102
0.000000 767.090515 439.528900
0.000000 809.450989 450.684113
0.000000 809.445190 456.339355
0.000000 872.558289 471.871857
0.000000 908.593079 482.606842
0.000000 1061.661987 428.101929
