0.000000 23.104958 851.495850
0.000000 41.290123 953.025818
0.000000 225.529068 264.841461
0.000000 244.583420 325.159515
0.000000 265.310181 374.444275
0.000000 285.800110 416.637543
0.000000 302.271667 439.107208
0.000000 418.049072 325.592407
0.000000 487.739075 353.046814
0.000000 410.356049 372.249207
0.000000 544.418335 307.355774
0.000000 506.005432 418.609650
0.000000 590.056763 345.611755
0.000000 670.533203 363.721222
0.000000 696.453186 313.715485
0.000000 626.379883 392.863647
0.000000 840.729858 343.102570
0.000000 660.725830 415.484589
0.000000 789.543640 364.202515
0.000000 793.492126 441.558167
0.000000 873.342834 388.623993
0.000000 757.697693 464.658020
0.000000 879.345520 409.972137
0.000000 998.879150 418.464630
0.000000 934.923889 430.983246
0.000000 135.416992 143.674667
0.000000 268.744446 147.082581
0.000000 401.701721 147.260651
0.000000 535.347229 147.311340
0.000000 669.984314 147.072113
0.000000 802.000000 147.371811
0.000000 936.230042 147.253143
0.000000 1070.090210 147.170578
0.000000 1195.956299 146.522614
0.000333 1251.044312 106.140884
0.000000 1338.186890 106.133400
0.000139 1437.430542 107.004608
0.000000 1517.546387 111.699669
0.000000 1614.099243 114.504890
0.000222 1645.325317 121.022224
0.000417 1717.830933 123.932190
0.000000 1880.256714 121.629120
0.000000 1957.359741 125.330261
0.003246 1780.146606 96.406227
0.002333 1957.413940 96.622704
0.005397 1735.089111 99.699379
0.005227 1799.170044 103.889587
0.004203 1918.603882 105.408501
0.006944 1765.303223 106.635475
0.006867 1743.911133 107.973824
0.000000 665.871460 29.849350
0.000000 1324.168579 29.844679
0.000000 1984.449585 29.852278
0.000000 2642.661377 29.855593
0.000000 3301.418213 29.855453
0.000000 3959.474854 29.862190
0.000000 4618.480469 29.857954
0.000000 5275.638672 29.865702
0.000185 5912.303711 29.694738
0.008333 5735.128418 26.349846
0.012727 5207.484375 28.006937
0.016806 4945.554199 28.197296
0.014103 4882.048828 27.988077
0.032738 5132.909180 30.854454
0.027556 5761.509766 30.112684
0.028854 4977.728516 29.432322
0.022549 4963.656738 30.540842
0.041111 5966.622559 30.940916
0.034912 5425.852539 30.042786
0.023750 5671.618164 29.841953
0.053492 5828.508789 31.471611
0.056136 5806.930176 31.625927
0.067899 5948.309082 32.020599
0.059444 5862.813477 31.711937
0.069867 6013.043945 31.798912
0.000000 389.334473 45.437866
0.000000 764.102295 49.728455
0.000000 1151.625610 50.222755
0.000000 1571.426514 49.661713
0.000000 1945.326782 49.906143
0.000000 2364.306396 49.532253
0.000000 2801.519531 48.975075
0.000000 3125.204102 49.949451
0.000000 3556.877197 49.166058
0.003333 3228.815430 48.615967
0.005606 3108.183838 50.159225
0.008750 2963.064941 50.656540
0.010385 2944.062012 48.827675
0.011786 2967.711426 50.064232
0.013333 3135.371094 50.412376
0.014375 3219.413330 49.089508
0.015294 3416.807373 50.121227
0.017685 3514.505615 50.510571
0.018509 3601.806641 49.729717
0.020667 3467.882324 50.302105
0.023651 3319.146973 50.666759
0.025076 3273.793701 51.130783
0.029710 3173.954346 51.153030
0.028819 3252.385986 51.415581
0.027067 3707.248047 51.144100
