0.000000 304.742371 55.779514
0.000000 409.835052 84.438660
0.000000 583.441711 93.111008
0.000000 776.171448 95.405830
0.000000 976.004395 95.816803
0.000000 1176.979736 97.735870
0.000000 1371.222656 98.442093
0.000000 1569.019775 98.341934
0.000000 1772.363037 98.830711
0.000000 1967.075317 98.893417
0.000000 2167.083496 98.226112
0.000000 2367.881592 98.891563
0.000000 2566.422119 98.995407
0.000000 2763.871338 99.072815
0.000000 2957.271240 99.112038
0.000000 3151.113037 99.123817
0.000000 3351.847900 99.125153
0.000000 3546.811035 99.146355
0.000000 3741.312500 98.918770
0.000000 3934.688232 99.164413
0.000000 4134.773438 99.187843
0.000000 4325.049316 99.128670
0.000000 4515.996582 98.997734
0.000000 4720.004883 99.019058
0.000000 4913.829102 98.961021
