0.000000 285.241730 51.899364
0.000000 392.499359 87.519188
0.000000 588.687805 93.619400
0.000000 801.580505 95.430183
0.000000 952.899536 99.033394
0.000000 1185.954590 97.549126
0.000000 1326.215210 101.583183
0.000000 1574.761353 99.020271
0.000000 1733.168213 101.298279
0.000000 1958.635986 99.629265
0.000000 2176.840332 98.710632
0.000000 2342.081787 100.117599
0.000000 2582.464111 98.425476
0.000000 2737.135742 100.135750
0.000000 2948.243408 99.524063
0.000000 3133.209473 99.740532
0.000000 3368.717773 98.663292
0.000000 3511.722900 100.253571
0.000000 3738.166504 99.094162
0.000000 3914.621582 99.749290
0.000000 4165.742188 98.409050
0.000000 4313.276367 99.276039
0.000000 4485.444336 99.872292
0.000000 4710.678223 99.348320
0.000000 4905.424316 99.245804
