0.000000 304.466736 57.963909
0.000000 388.643860 89.527420
0.000000 581.996643 95.088394
0.000000 778.629578 96.967957
0.000000 977.005310 95.871895
0.000000 1177.361450 98.000206
0.000000 1372.188843 98.471672
0.000000 1572.751221 98.153893
0.000000 1772.995361 98.787575
0.000000 1968.445190 98.723015
0.000000 2168.721191 98.945404
0.000000 2369.153809 99.030136
0.000000 2566.235107 99.058830
0.000000 2763.891357 99.075302
0.000000 2959.395508 99.107780
0.000000 3154.317627 99.130356
0.000000 3351.162354 99.146843
0.000000 3545.016357 99.165192
0.000000 3737.845459 99.172180
0.000000 3936.533936 99.167549
0.000000 4131.639648 99.195122
0.000000 4332.726562 99.198830
0.000000 4527.034668 99.196022
0.000000 4722.993652 99.213684
0.000000 4901.581543 98.960701
