0.000000 207.150970 81.456329
0.000000 353.853485 102.354660
0.000000 458.580414 114.099731
0.000000 546.688660 129.022552
0.000000 671.228271 130.031448
0.000000 801.588745 129.825623
0.000000 945.113770 130.871674
0.000000 1067.890137 132.003754
0.000000 1191.027832 131.701202
0.000000 1287.388794 133.216202
0.000000 1421.465698 133.208496
0.000000 1543.390869 133.713928
0.000000 1700.861206 133.954041
0.000000 1811.501099 134.352493
0.000000 1933.572144 134.547989
0.000000 2054.185059 134.776016
0.000000 2199.067871 134.588272
0.000000 2324.205566 134.661301
0.000000 2429.255859 134.982971
0.000000 2590.125732 133.416473
0.000000 2689.271729 133.087708
0.000000 2815.438721 133.176331
0.000000 2945.931396 132.432465
0.000000 3069.017334 132.426270
0.000000 3202.968018 130.924973
