0.000000 398.754761 43.756065
0.000000 771.258240 48.262318
0.000000 1162.370361 48.489586
0.000000 1550.069580 49.304283
0.000000 1952.453125 49.292431
0.000000 2368.001221 49.529362
0.000000 2761.537842 49.544865
0.000000 3154.561768 49.571205
0.000000 3546.647217 49.595905
0.000000 3936.877197 49.602985
0.000000 4318.875488 49.624355
0.000000 4715.618652 49.625992
0.000000 5133.116699 49.619026
0.000000 5532.950195 49.621964
0.000000 5923.163574 49.642559
0.000000 6325.211914 49.631744
0.000000 6722.492188 49.627804
0.000000 7115.069336 49.642044
0.000000 7510.223145 49.646397
0.001917 7442.895020 44.135052
0.005159 7096.415527 49.764980
0.007955 6909.648438 46.929737
0.005652 6656.053711 48.633816
0.012500 6629.778809 50.023224
0.012067 6833.169922 50.257023
