0.000000 147.533432 126.813087
0.000000 154.661484 239.078659
0.000000 203.266861 292.000793
0.000000 268.174713 290.015594
0.000000 334.858795 293.548340
0.000000 403.360901 293.147614
0.000000 468.808350 293.157928
0.000000 535.257507 286.706055
0.000000 588.357361 280.504883
0.000000 693.847778 264.844727
0.000000 735.627502 294.156067
0.000000 804.269531 288.236633
0.000000 868.691101 294.058411
0.000000 1004.441223 252.113892
0.000000 1000.839539 294.018555
0.000000 1066.031494 293.224274
0.000000 1132.300415 293.286346
0.000000 1199.899170 293.742340
0.000000 1253.112061 285.378693
0.000000 1325.654907 293.048462
0.000000 1396.900024 292.432373
0.000000 1462.124756 293.514557
0.000000 1526.694580 293.319702
0.000000 1604.433838 286.735901
0.000000 1656.494751 287.107239
