0.000000 23.707466
0.000000 45.024246
0.000000 68.488029
0.000000 221.050278
0.000000 114.400146
0.000000 295.405609
0.000000 318.553528
0.000000 340.061005
0.000000 361.849884
0.000000 383.301910
0.000000 565.740906
0.000000 580.845703
0.000000 594.502563
0.000000 610.182617
0.000000 637.154480
0.000000 744.574707
0.000000 706.262817
0.000000 825.989563
0.000000 671.875183
0.000000 860.983643
0.000000 1047.406250
0.000000 1068.601562
0.000000 1045.882446
0.000000 1106.420898
0.000000 1124.741943
0.000000 135.430664
0.000000 268.911072
0.000000 402.791626
0.000000 536.677124
0.000000 669.707642
0.000000 804.888489
0.000000 936.196289
0.000000 1067.549683
0.000000 1194.259033
0.000000 1325.016968
0.000000 1453.589844
0.000000 1581.771973
0.000000 1738.742188
0.000000 1871.242065
0.000000 2003.526367
0.000000 2141.216797
0.000000 2271.644043
0.000000 2408.549805
0.000000 2539.336914
0.000000 2632.298584
0.001429 2541.617188
0.002803 2473.107666
0.004420 2292.364746
0.004722 2338.454102
0.005533 2324.876953
0.000000 666.389099
0.000000 1324.945679
0.000000 1983.631958
0.000000 2643.677246
0.000000 3300.582520
0.000000 3960.753174
0.000000 4609.000000
0.000000 5252.258301
0.000000 5884.239746
0.000000 6524.842773
0.000000 7153.225098
0.000000 7803.638184
0.000000 8545.731445
0.000000 9206.739258
0.000000 9865.977539
0.000000 10533.128906
0.000000 11188.756836
0.000000 11855.394531
0.000000 12506.440430
0.005083 12738.194336
0.018254 12576.682617
0.031212 12576.373047
0.037029 12192.543945
0.047569 12154.692383
0.054467 12095.416992
0.000000 377.775696
0.000000 762.594482
0.000000 1135.787231
0.000000 1563.688843
0.000000 1972.528320
0.000000 2388.570068
0.000000 2741.510498
0.000000 3162.762695
0.000000 3557.425781
0.000000 3902.502441
0.000000 4274.383789
0.000000 4729.785156
0.000000 5118.554199
0.000000 5511.316895
0.000000 5888.089355
0.000000 6318.360840
0.000000 6745.474609
0.000000 7096.000977
0.000000 7504.128418
0.002917 7576.555176
0.007540 7343.373047
0.009545 7111.248047
0.014783 6994.756836
0.020278 7074.202637
0.017867 6789.270996
