0.000000 352.350677 47.219769
0.000000 630.926147 57.334114
0.000000 905.931519 57.202053
0.000000 1228.355347 56.554169
0.000000 1516.383423 57.716610
0.000000 1773.375244 58.047852
0.000000 2147.289551 58.360569
0.000000 2410.192627 58.520302
0.000000 2677.252197 58.646450
0.000000 3010.144043 58.461670
0.000000 3329.513916 59.107624
0.000000 3539.573730 58.760597
0.000000 3933.074463 59.103966
0.000000 4201.856934 59.025135
0.000000 4424.958496 59.028843
0.000000 4877.149902 59.292904
0.000000 5108.773438 59.335972
0.000000 5280.094727 59.095512
0.000000 5775.597656 59.332760
0.000000 6044.625488 59.203789
0.000238 6293.039062 58.850521
0.001061 6383.091797 59.179558
0.001884 6574.400391 59.606052
0.002847 6561.017090 59.511986
0.002133 7049.823730 59.577381
