0.000000 204.994751 71.781456
0.000000 243.787811 136.074005
0.000000 454.450470 123.155212
0.000000 563.774597 135.205246
0.000000 700.346680 135.835297
0.000000 796.303955 146.868744
0.000000 932.562744 144.124954
0.000000 1101.731689 140.891800
0.000000 1281.257690 135.970825
0.000000 1237.767334 157.453049
0.000000 1370.973755 157.648544
0.000000 1535.392700 152.471649
0.000000 1656.442017 152.841751
0.000000 1712.802612 159.809006
0.000000 2003.208984 145.841888
0.000000 1767.409058 176.872665
0.000000 2229.495361 148.820648
0.000000 2302.879395 153.086624
0.000000 2276.144287 163.125839
0.000000 2710.320801 143.951340
0.000000 2206.532471 185.820877
0.000000 2462.729980 174.179977
0.000000 2492.753418 180.541824
0.000000 2671.696533 176.120132
0.000000 2975.693115 163.715057
