0.000000 305.228943 55.763252
0.000000 413.937073 83.813065
0.000000 584.892517 95.110130
0.000000 779.784058 94.972290
0.000000 980.040100 97.094704
0.000000 1177.232056 97.191185
0.000000 1374.836304 97.983612
0.000000 1578.076416 98.580315
0.000000 1775.214844 98.664848
0.000000 1973.452026 98.690475
0.000000 2169.153564 98.955338
0.000000 2369.991455 99.014481
0.000000 2565.159424 99.060768
0.000000 2766.390381 99.030014
0.000000 2959.534912 98.889061
0.000000 3158.058350 99.041878
0.000000 3349.415771 98.932098
0.000000 3545.973877 98.842667
0.000000 3745.669678 99.033516
0.000000 3937.226807 99.129204
0.000000 4140.469238 99.148628
0.000000 4322.703613 98.899078
0.000000 4516.082031 99.166611
0.000000 4710.690430 99.244553
0.000000 4916.277832 99.034386
