0.000000 316.834045 52.896290
0.000000 514.858459 64.759300
0.000000 762.615112 69.831596
0.000000 1000.599304 74.324020
0.000000 1250.028320 73.105873
0.000000 1476.472900 73.322807
0.000000 1747.564087 73.504868
0.000000 1988.163330 74.401382
0.000000 2220.077148 73.829895
0.000000 2473.357666 73.379036
0.000000 2714.270752 74.219170
0.000000 2968.172363 74.275337
0.000000 3218.265137 74.088272
0.000000 3427.012939 74.305496
0.000000 3705.555176 73.896759
0.000000 3933.216797 74.405174
0.000000 4180.458496 74.376373
0.000000 4418.850586 74.215363
0.000000 4668.108887 74.226517
0.000083 4936.105469 73.171165
0.000476 5039.298828 71.712326
0.001667 5016.144043 67.981979
0.002319 5099.031738 74.358780
0.002639 5198.415527 67.792557
0.004200 5126.358398 71.954758
