0.000000 311.218903 55.356148
0.000000 476.654663 70.692276
0.000000 688.984070 76.703529
0.000000 894.915466 82.225121
0.000000 1094.238525 82.358498
0.000000 1322.703247 81.476776
0.000000 1540.442139 82.544060
0.000000 1756.897705 82.819580
0.000000 1958.755859 81.196770
0.000000 2185.905518 82.844574
0.000000 2398.162598 82.660446
0.000000 2616.215332 82.541191
0.000000 2845.460205 82.417053
0.000000 3088.243164 81.926216
0.000000 3295.485596 82.234474
0.000000 3481.068848 82.426987
0.000000 3716.675049 82.770760
0.000000 3956.129150 82.483589
0.000000 4185.860840 82.183472
0.000000 4406.455078 82.109306
0.000079 4596.384277 79.765144
0.000379 4687.992676 73.761391
0.001522 4675.100586 71.357544
0.002222 4651.851562 77.723404
0.003267 4657.730469 79.536621
