0.000000 303.367218 57.958656
0.000000 424.045532 82.620453
0.000000 582.761475 93.607956
0.000000 764.970459 98.085175
0.000000 958.127441 91.964462
0.000000 1149.797485 96.174995
0.000000 1329.536865 96.194153
0.000000 1537.450684 99.450722
0.000000 1727.103882 99.055328
0.000000 1922.417725 97.470940
0.000000 2147.665039 98.556427
0.000000 2333.065674 98.071053
0.000000 2525.929199 99.042419
0.000000 2746.113770 98.765106
0.000000 2935.426514 98.642738
0.000000 3049.392822 97.608208
0.000000 3274.137451 98.355034
0.000000 3523.133301 99.055801
0.000000 3706.285156 99.039612
0.000000 3884.407959 96.925629
0.000159 4030.219482 94.505516
0.001364 3959.698242 97.200691
0.001377 4126.859863 72.924461
0.004236 3685.553711 97.783432
0.003133 4117.123535 94.018074
