0.000000 332.894684 53.145748
0.000000 650.231262 55.963009
0.000000 961.409973 57.893997
0.000000 1269.736084 59.767731
0.000000 1585.693726 58.815723
0.000000 1888.103271 59.759701
0.000000 2217.938965 59.824875
0.000000 2520.164062 60.342331
0.000000 2813.548340 59.994720
0.000000 3154.672363 59.580673
0.000000 3472.100098 60.044281
0.000000 3767.110352 59.906460
0.000000 4080.435547 60.126385
0.000000 4423.831543 59.688663
0.000000 4730.174316 59.530857
0.000000 5052.323242 59.896385
0.000000 5347.387207 59.928898
0.000000 5684.588379 60.077793
0.000000 5988.551270 59.973053
0.000417 6196.770996 57.525490
0.000794 6359.807617 58.312580
0.002424 6306.497070 54.212513
0.005072 6027.335938 59.336933
0.007014 5981.124023 60.076099
0.009067 5820.911621 60.133068
