0.000000 376.405945 44.395687
0.000000 620.823059 55.943584
0.000000 896.835632 56.448677
0.000000 1234.429810 57.940613
0.000000 1524.431274 57.033268
0.000000 1786.901123 58.612747
0.000000 2132.481934 58.683918
0.000000 2434.719238 58.457439
0.000000 2657.615234 58.988560
0.000000 3047.234863 59.050804
0.000000 3311.627197 59.168011
0.000000 3549.558838 59.106190
0.000000 3934.303467 59.191635
0.000000 4203.556641 58.840347
0.000000 4490.735840 59.212631
0.000000 4826.069336 59.247044
0.000000 5106.077637 59.302956
0.000000 5292.194336 59.172226
0.000000 5720.512207 59.475830
0.000083 6028.925293 59.318161
0.000079 6305.416016 59.278099
0.000985 6392.100586 59.036922
0.002029 6455.258301 59.244099
0.002847 6514.094238 59.599167
0.004133 6635.548340 59.854530
