0.000000 154.011688 106.188400
0.000000 257.278259 143.407440
0.000000 386.381836 151.273010
0.000000 515.323914 152.899200
0.000000 642.780151 152.645065
0.000000 769.472778 152.887848
0.000000 896.753906 152.677368
0.000000 1017.754333 153.087448
0.000000 1141.769531 152.444153
0.000000 1266.265259 152.203323
0.000000 1392.180664 151.744171
0.000000 1517.229980 152.936722
0.000000 1654.372192 152.455536
0.000000 1772.687866 151.803940
0.000000 1909.347900 152.564301
0.000000 2028.631958 153.066818
0.000000 2160.249023 153.185593
0.000000 2286.140381 152.976837
0.000000 2410.500488 152.726257
0.000000 2509.801514 135.540085
0.001032 2456.531250 98.455650
0.002879 2307.174316 102.392815
0.004420 2214.634766 103.791801
0.005764 2130.992676 109.517487
0.006800 2260.930176 154.012085
