0.000000 173.668503 92.859138
0.000000 245.627472 135.067474
0.000000 331.250000 150.211136
0.000000 444.443207 172.109055
0.000000 552.330444 173.155212
0.000000 665.484741 171.517349
0.000000 776.724792 175.514130
0.000000 889.277344 176.351181
0.000000 997.527771 176.225601
0.000000 1108.659302 176.197739
0.000000 1214.390869 175.219040
0.000000 1324.391968 175.791763
0.000000 1430.896606 175.097153
0.000000 1539.838257 175.322556
0.000000 1655.196777 175.673935
0.000000 1767.106201 175.790710
0.000000 1879.404663 175.441666
0.000000 1989.780518 176.469254
0.000000 2103.844727 176.480743
0.000000 2215.667725 176.184952
0.000000 2324.596191 176.596039
0.000000 2437.370361 176.114563
0.000000 2533.010986 173.582657
0.000000 2613.712891 163.059830
0.000000 2687.668213 173.858505
