0.000000 350.601959 50.436459
0.000000 646.484009 58.160618
0.000000 957.307190 58.837250
0.000000 1257.035034 60.072254
0.000000 1563.752075 59.998264
0.000000 1899.703613 59.744991
0.000000 2210.898193 59.909740
0.000000 2523.638672 60.161968
0.000000 2829.529541 60.113476
0.000167 3039.479736 42.913200
0.004242 2672.084229 48.752228
0.005694 2604.923096 52.702579
0.007692 2560.659180 55.534927
0.007024 2703.049316 55.729370
0.010556 2554.633789 56.338436
0.009896 2811.630371 59.109127
0.012157 2716.394531 60.115978
0.012407 2929.770752 60.225067
0.014035 2947.150879 60.157803
0.014417 3175.476074 59.728195
0.011270 3656.384033 51.054867
0.018030 3074.561279 51.533024
0.019058 3129.088135 55.332848
0.021319 2944.114990 56.961765
0.017000 3600.199219 56.908951
