0.000000 330.558411 52.012409
0.000000 584.582336 60.312237
0.000000 855.293579 62.585903
0.000000 1129.281128 62.571121
0.000000 1382.282227 64.871758
0.000000 1661.526123 63.249176
0.000000 1900.920166 65.426270
0.000000 2161.506104 63.921349
0.000000 2369.687256 56.882114
0.000000 2497.347656 62.442261
0.000000 2667.211914 65.499969
0.000833 2823.785889 48.930958
0.002949 2842.097900 52.231869
0.003333 2964.798828 55.563541
0.004889 2895.448486 56.077625
0.005625 3081.178467 58.812160
0.008137 3052.944824 61.616104
0.008519 2977.893799 65.061981
0.009211 3228.270508 63.645935
0.010333 3165.480713 65.186775
0.010952 3239.836670 64.991722
0.011439 3492.325684 64.451096
0.015652 3515.786377 60.141804
0.017222 3611.645508 54.001076
0.016800 3563.234619 56.346935
