0.000000 310.848663 53.345184
0.000000 470.821503 74.281616
0.000000 698.071472 79.814995
0.000000 923.474060 82.815010
0.000000 1158.931274 81.404793
0.000000 1395.791870 82.414703
0.000000 1636.717773 82.742249
0.000000 1871.262329 82.886612
0.000000 2091.837402 81.583778
0.000000 2349.727051 82.359055
0.000000 2579.424561 82.284172
0.000000 2823.703857 82.553612
0.000000 3058.330566 82.070274
0.000000 3297.376221 81.729744
0.000000 3528.392090 81.994247
0.000000 3732.464111 81.139839
0.000000 3898.009277 70.123108
0.001481 3762.557617 73.174004
0.003772 3517.933838 81.598000
0.005167 3441.880859 81.445076
0.004683 3769.250732 81.164795
0.027500 4363.645508 78.541565
0.013623 2683.755371 84.017677
0.008403 3659.911133 83.409332
0.009000 3729.279785 82.921776
